#Example of parameter
g= 681579.588 
alpha2= 0.3 
alpha1= 0.3 
theta= 0.443086560679562 
lambda0= 0.635 
lambda1= 2.7395576384792 
lambda2= 0.01 
r_bar= 0.044 
v= 1671165 
b_h= 1253373 
b_s= 1671165 
h_s= 417791 
h_h= 417791 
b_cb= 417791 
r= 0.044 
